09
19
2
1.21
0.48
21
41
62
17
64
39
65
2.4
2.5
234
234
1.4
0.4
20
1.7
0.36
0.09
4.8
11
15
19
31
29
73
2
1.8
317
306
2.3
1.1
21
1.7
0.42
0.11
6.2
16
22
16
6
1
23
84
1.6
1.8
65
4.9
1.3
0.6
22
1.7
0.66
0.24
25
22
46
6.8
30
18
0.2
87
3
1.9
32
41
1.1
1
24
1.8
0.82
0.44
29
30
59
9.6
68
35
23
77
3.1
2.2
223
280
1.1
0.6
19
1.6
0.4
0.16
3.8
21
25
15
15
4
3
92
0.8
1.8
37
36
1.5
0.7
19
1.7
0.54
0.21
8.2
21
29
17
29
23
23
71
2.2
1.9
6.1
2
2.4
0.8
17
1.7
0.45
0.15
3
17
20
25
38
36
23
81
1.5
1.8
344
339
2.7
0.9
17
1.7
0.49
0.12
6.7
15
22
23
27
18
23
69
3.8
1.8
346
39
2.8
1
19
1.7
0.51
0.12
6.8
17
24
18
40
33
23
71
3.2
1.8
350
345
2.3
0.9
18
1.7
0.72
0.32
21
33
54
4.5
19
8
1.8
87
1.8
2
349
320
0.9
0.6
19
1.7
0.44
0.16
7.2
16
23
22
14
11
23
73
1.7
1.8
33
30
2.3
0.8
16
1.7
0.45
0.17
7.2
18
26
19
19
10
23
76
3.5
1.9
349
317
3.3
1
16
1.7
0.62
0.16
5.8
15
21
27
46
34
23
69
4
1.9
47
42
3
2.5
17
1.7
0.86
0.35
21
28
49
6
35
29
23
75
3.2
2.1
42
88
1
0.8
18
1.7
0.52
0.14
8.7
13
22
16
21
12
23
73
2.2
1.8
2.5
317
2
0.5
18
1.7
0.46
0.12
2.5
14
16
24
37
26
0.2
92
1
1.8
47
50
2.5
1.5
16
1.7
0.63
0.17
10
16
26
26
20
15
23
61
2.9
1.9
42
345
3.2
1.3
16
1.7
0.67
0.28
12
25
37
13

47
23
74
2.9
2
345
331
1.8
0.8
16
1.7
0.46
0.15
6.8
16
22
24
22
12
23
69
2.3
1.8
334
303
2.6
1
17
1.6
0.29
0.13
4.2
20
24
17
33
20
2.4
87
1.1
1.7
31
37
1.8
0.8
17
1.7
0.4
0.21
10
22
32
13
24
6
23
77
1.6
1.9
50
56
1.7
1.2
12
1.7
0.39
0.09
4
16
20
19
10
3
23
78
1.3
1.8
29
323
3.1
0.8
5.8
1.7
0.28
0.06
2.1
8.5
11
32
35
17
23
72
2.1
1.7
335
317
3.1
1.1
8.4
1.6
0.27
0.08
4.4
9.7
14
29
33
12
23
51
1.2
1.7
41
12
2.3
1.6
13
1.9
1.41
0.52
58
40
97
8.4
57
32
23
61
4.6
2.4
123
138
1.4
0.8
17
1.8
0.57
0.27
14
28
42
9.1
55
23
23
74
4.3
2.1
9.3
2.8
1.5
0.9
17
2
2.11
0.91
131
34
166
1.9
53
39
0.8
93
5
3
212
135
1.1
0.7
17
1.6
0.21
0.08
3.1
13
16
21
2
4
5
92
1
1.7
318
318
2.9
1.3
18
1.7
0.57
0.34
23
21
44
6.9
11
11
23
97
2.5
2
6.5
37
1.7
0.8
18
1.6
0.34
0.07
4.1
11
15
24
23
12
23
71
2.7
1.7
52
56
2.4
1.6
15
1.7
0.54
0.14
3.4
17
20
27
18
10
23
76
1.4
1.8
19
31
3.3
0.8
13
1.6
0.4
0.13
6.1
16
22
25
2
7
23
78
1.1
1.8
349
51
2.8
0.9
15
1.7
0.51
0.17
9.3
19
28
19
16
14
23
77
3.3
1.8
331
6.4
2.1
1.1
17
1.6
0.35
0.12
6.9
16
23
24
26
24
23
78
3.6
1.8
0.3
316
2.3
1
14
1.9
0.43
0.09
4.2
14
18
29
31
11
23
79
1.7
2
340
347
4
1.1
13
1.8
0.6
0.09
1.9
13
15
51
96
64
23
62
4.6
1.9
47
50
4.8
1.9
13
1.8
0.4
0.07
2.1
8.1
10
47
41
38
23
45
2.2
1.9
36
23
3
1.5
16
1.8
0.29
0.06
2.1
7
9
48
40
23
23
18
2
1.8
27
330
3
1
16
2.3
0.94
0.4
24
40
64
0


23
51
2.6
2.7
237
84
0.7
0.5
16
2.1
0.88
0.3
17
33
51
17
29
23
23
62
2.2
2.4
335
95
0.8
0.3
20
1.9
0.6
0.16
6.7
20
27
25
54
44
23
65
2.8
2
300
270
1
0.3
24
2
0.83
0.28
8.3
22
30
27
42
25
23
72
4.1
2.3
232
222
1.2
0.9
25
1.8
0.39
0.11
7.8
11
19
18
26
10
23
52
1.3
1.9
129
138
1.5
1.6
25
1.8
0.36
0.11
5.5
11
17
19
6
6
23
53
1.4
1.9
161
128
1.8
1.4
12
1.8
0.48
0.1
4.1
11
15
24
34
31
23
67
1.6
1.9
34
331
3
1.4
13
1.8
0.36
0.14
3.5
21
25
23
20
10
23
60
2
1.9
17
50
2.1
1
15
1.8
0.54
0.2
9.4
22
32
13
24
15
23
71
2.2
2
23
43
0.9
0.7
17
1.8
0.55
0.18
12
23
36
27
34
22
23
80
1.6
2
336
24
1.7
1
19
1.9
0.94
0.38
22
32
55
12
63
40
23
78
3.5
2.3
54
64
1
0.7
15
1.8
0.4
0.11
3.6
15
19
32
23
27
23
71
2.1
1.9
47
57
3.7
2.3
16
1.9
0.68
0.2
13
27
40
16
65
33
23
62
4.5
2.1
174
142
1.7
0.8
20
1.9
1.05
0.32
12
36
48
27
112
39
23
69
4.4
2.2
206
259
0.9
0.6
17
1.8
0.4
0.17
8.3
18
26
26
20
12
23
70
2.2
1.9
349
313
3.2
1.2
16
1.8
0.38
0.12
3.4
18
21
34
31
10
23
71
1.6
1.9
44
35
3.3
1.3
17
1.8
0.82
0.28
23
37
60
7.3
24
14
23
70
3.8
2.1
331
34
0.8
0.5
15
1.8
0.35
0.15
3.6
20
23
25
30
15
23
78
1.6
1.9
359
359
2
0.9
16
1.8
0.36
0.08
3.5
16
19
32
25
8
23
79
1.4
1.8
1
6.5
2.4
1.1
20
1.8
0.38
0.09
5.5
12
18
30
24
12
23
65
2.2
1.9
328
347
2.7
1
20
1.8
0.35
0.08
3.8
12
15
39
37
23
23
60
1.8
1.9
30
332
3.5
1.4
18
1.9
1.08
0.34
37
44
81
16
65
35
23
50
3.2
2.3
348
53
1.4
0.4
19
2
1.01
0.46
23
46
69
29
70
38
23
59
3.9
2.4
188
245
1.3
0.8
20
2
1.37
0.55
16
50
66
33
113
65
23
57
3.2
2.5
221
196
1.6
0.9
22
1.7
0.71
0.34
18
31
48
23
70
50
23
52
4.1
2.1
37
2
2
0.6
25
1.9
0.82
0.33
16
39
54
27
57
44
23
54
2.2
2.3
290
298
1.6
0.8
24
2
0.91
0.35
9.5
33
43
27
102
63
23
67
3.5
2.3
269
268
1.1
0.4
23
1.9
0.86
0.3
21
32
53
18
44
20
23
69
2.7
2.2
354
342
1.7
0.2
25
1.8
0.54
0.25
6.4
22
29
30
90
52
23
66
6.1
2
190
186
2.3
1.5
23
1.8
0.92
0.41
16
31
47
5.1
40
24
0.4
78
2.6
2.2
56
155
1.4
0.5
14
1.8
0.35
0.16
3.5
21
25
24
16
13
4.2
82
1.6
1.9
18
22
2.9
1.2
12
1.8
0.43
0.17
6
25
31
20
24
7
0.4
86
1.9
1.9
335
352
1.5
1
15
2
1.19
0.48
45
29
74
3
12
17
23
89
2.9
2.5
84
103
0.6
0.6
18
1.9
0.76
0.25
12
29
41
6.4
35
17
0.8
88
1.8
2.1
130
127
1.2
0.7
15
1.8
0.39
0.11
3.1
16
19
36
14
7
23
75
2
1.9
50
45
3.7
2.5
15
1.8
0.77
0.26
20
39
58
4.4
36
16
23
83
3.3
2.1
325
306
2.1
1.1
18
1.9
0.9
0.31
15
34
49
11
8
18
23
87
2.5
2.2
351
325
1
0.4
19
2.3
2.36
1.06
63
46
109
5.5
58
38
23
86
5.1
3.4
150
276
0.9
0.2
25
1.9
1.25
0.67
13
36
49
27
118
67
23
75
3.5
2.6
144
152
1.6
1.3
22
1.7
0.41
0.14
4.4
21
25
14
67
28
2
100
0.4
1.9
291
79
1.6
1.6
19
1.8
0.5
0.13
3.9
20
24
18
40
14
0.2
88
1.1
1.9
346
44
2.8
1.4
18
1.9
0.46
0.19
4.5
23
28
23
47
41
23
85
1.6
2.1
44
36
2.1
1.8
20
1.8
0.56
0.23
8.7
23
32
25
51
29
23
84
2.7
2
12
41
1.6
1
20
2.1
1.88
0.73
62
30
92
3.1
31
28
0.2
91
3.7
2.9
163
179
1
0.2
15
1.7
0.38
0.12
3.1
17
20
36
30
17
23
72
1.8
1.9
49
42
3.3
1.5
12
1.9
0.41
0.18
4.3
27
32
25
15
7
23
84
2.4
2.1
350
315
1.9
0.9
17
1.9
0.29
0.09
3.7
14
18
49
32
15
23
41
2.3
1.9
22
30
3.2
0.9
17
1.9
0.32
0.07
2.3
11
14
56
38
28
23
50
1.4
1.9
334
356
2
1
19
1.9
0.36
0.13
5.2
16
21
45
17
20
23
26
2.2
2
51
66
2.1
1
21
2.1
1.04
0.46
14
55
69
35
72
53
23
44
3.2
2.5
12
194
1.1
0.1
24
1.9
0.62
0.21
9.4
27
37
33
50
39
23
50
2.4
2.1
223
224
1.2
0.9
25
2.1
0.96
0.37
15
46
60
29
128
74
23
60
5.4
2.5
249
113
1
0.6
23
2
0.9
0.33
16
41
56
12
119
74
23
74
4.5
2.3
308
248
1.4
0.3
24
2
0.75
0.28
5.3
27
32
35
153
89
23
74
3
2.3
312
37
1.5
1
28
1.9
0.45
0.08
2.5
8.3
11
37
76
42
23
64
2.4
1.9
177
190
3.2
2.7
26
1.9
0.51
0.1
3.9
11
15
26
38
29
23
70
2.5
2
127
177
1.7
0.9
25
1.9
0.47
0.1
7.6
17
24
23
79
50
23
74
1.7
2
319
16
1.8
1
27
1.9
0.52
0.14
12
21
32
23
38
21
23
62
5.5
2.1
182
173
2.1
1.4
31
1.8
0.36
0.1
3.3
10
13
39
55
31
23
53
2.5
1.9
187
188
3.4
3.1
26
1.8
0.48
0.13
19
18
36
13
55
29
23
74
2.5
2
39
72
1.6
1.2
27
2
0.59
0.21
11
23
34
17
84
52
23
70
3.4
2.2
189
108
1.3
0.8
28
1.8
0.29
0.06
4.2
8
12
23
36
25
23
62
2.2
1.9
183
192
3
2.2
24
1.9
0.43
0.12
6.4
14
21
26
25
16
23
74
1.6
2
30
31
1.4
0.8
25
1.9
0.5
0.21
5.5
16
22
40
49
26
23
73
2.2
2.1
206
18
1.3
0.5
26
2
1.41
0.47
11
44
55
17
37
17
2.2
75
3
2.5
179
257
1.1
0.6
25
1.9
0.89
0.38
9.6
33
42
31
58
29
23
80
2.7
2.3
30
343
1.1
0.9
24
2
1.06
0.47
13
35
48
14
46
25
23
85
2.9
2.5
122
167
1.6
0.9
28
1.9
0.48
0.14
6
13
19
27
51
35
23
73
3.4
2
186
190
3.6
2.8
30
1.8
0.32
0.09
4.6
9.6
14
22
15
10
23
62
3
1.9
199
211
1.7
1.2
23
1.9
0.73
0.2
3.3
24
27
31
23
1
23
81
1.5
2.1
147
147
1
0.7
24
2
0.89
0.24
12
30
42
30
39
4
23
63
3.3
2.2
286
313
1.9
0.3
25
1.8
0.41
0.08
3.3
15
19
44
56
23
23
74
1.7
1.9
300
309
2
1.4
31
1.9
0.53
0.19
4.4
17
21
41
58
39
23
58
2.6
2.1
176
178
2.9
1.8
31
1.8
0.39
0.09
4.6
11
16
33
26
21
23
59
2.8
1.9
199
243
2.4
1.9
30
1.8
0.32
0.06
3.5
9.2
13
32
31
16
23
54
2.9
1.8
195
199
2.3
2.1
25
1.8
0.49
0.15
3.8
18
21
18
11
13
23
76
1.7
2
177
144
1.1
1.2
28
1.9
0.78
0.23
9.6
23
32
0
33
10
23
65

2.1
255
240
1.4
0.3
30
1.8
0.41
0.13
3.4
12
15
40
35
15
23
64
2.3
2
174
214
2.1
1.4
27
1.8
0.43
0.18
9.5
16
25
17
20
13
23
75
2.2
2
144
143
2
1.9
28
1.9
0.55
0.16
5
21
26
40
30
7
23
65
2.5
2
342
310
1.9
0.8
26
2
0.45
0.17
4.8
21
26
45
54
24
23
45
3.1
2.1
346
309
2.3
1.1
27
2
0.65
0.15
4.3
20
24
70
104
59
23
60
5
2.1
205
173
1.5
0.9
23
1.9
0.47
0.1
3.9
14
18
27
6
2
23
89
0.3
2
192
175
2.1
1.3
30
1.9
0.59
0.14
4.9
16
21
48
46
21
23
57
2.8
2.1
223
188
1.5
0.9
31
1.8
0.25
0.06
2.9
8
11
26
22
16
23
55
1.7
1.8
173
189
2.7
2.5
30
1.8
0.32
0.07
3.9
12
16
25
31
22
23
67
3
1.9
187
223
1.8
1.6
31
1.8
0.38
0.11
4.3
12
16
34
36
22
23
59
2.3
1.9
184
109
1.8
1.4
33
1.7
0.32
0.11
4.1
10
14
32
24
15
23
52
2.3
1.9
173
181
1.8
1.7
33
1.8
0.36
0.06
3.2
13
17
49
35
17
23
53
3.9
1.9
223
215
2.4
1.5
33
1.8
0.35
0.07
1.8
9.3
11
55
33
17
23
58
5
1.9
204
233
2.8
1.4
32
1.8
0.26
0.04
4.3
9.3
14
33
27
24
23
56
2.6
1.8
162
195
2
0.9
32
1.8
0.32
0.06
3.5
12
15
29
35
16
23
59
2.4
1.9
193
192
3.8
3
25
2
0.8
0.3
11
28
39
23
18
6
23
81
3.3
2.3
353
314
2
1
29
2
0.86
0.32
6.3
32
38
57
56
31
23
59
2.7
2.3
57
119
1.2
0.8
31
1.8
0.38
0.09
2.3
11
14
60
56
20
23
60
2.5
1.9
317
301
3.6
1.7
32
1.8
0.38
0.09
1.4
9.9
11
58
40
27
23
58
1.9
1.9
185
170
1.9
1.8
31
1.9
0.35
0.07
2.5
11
14
48
42
21
23
62
3.2
2
252
243
1.9
1.4
26
1.9
0.65
0.2
5.9
17
23
16
25
18
0.2
82
1.9
2.1
350
333
2.2
1.1
23
1.8
0.39
0.16
4.5
18
23
32
22
3
23
62
2.9
2
17
6.3
2
1.3
27
1.8
0.46
0.17
4.3
21
26
35
27
17
23
64
3
2
24
308
2.1
1.6
30
1.8
0.48
0.14
5
18
23
47
35
19
23
54
2.8
2
292
279
1.6
0.7
28

0.53

3.3
19
22
52
65
41
23
69
4.5

157
175
1.7
1.3
27
1.9
0.84
0.49
5.2
29
34
25
77
47
0.2
78
3.1
2.4
123
126
0.9
0.8
25
1.8
0.4
0.12
3.1
16
20
18
15
6
1.2
91
1.3
1.9
72
19
1
1.4
31
1.7
0.22
0.05
1.9
8.9
11
43
17
12
23
65
1.8
1.7
178
219
2.1
0.8
30
1.7
0.29
0.02
4.3
9.9
14
34
9
7
23
70
1.5
1.7
225
239
2.4
1.3
29
1.8
0.43
0.11
4.8
17
21
28
31
24
23
72
3.6
1.9
57
70
1
0.7
32
1.7
0.41
0.12
4.2
16
20
50
46
26
23
57
3.5
1.8
232
224
2.3
0.9
33
1.7
0.37
0.05
3.2
12
15
48
33
18
23
59
3.7
1.8
131
209
1.7
0.1
34
1.6
0.29
0.07
2.7
8.5
11
35
26
13
23
54
2.7
1.7
183
172
3
2.8
33
1.7
0.19
-0.01
2.1
4.9
6.9
33
20
4
23
62
1.6
1.7
173
183
2.6
2.3
33
1.7
0.25
0.02
3.6
9.9
13
24
18
17
23
65
1.8
1.7
210
188
3
1.8
33
1.7
0.21
0.01
2.6
6.7
9.3
29
24
13
23
61
1.8
1.7
181
154
1.9
2.6
32
1.6
0.22
0.06
2.9
6.9
9.8
26
10
6
23
61
1.8
1.7
177
187
3.4
2.6
30
1.6
0.32
0.12
5.7
11
17
18
29
6
0.6
75
1.9
1.8
174
171
1.7
1.8
32
1.7
0.3
0.02
4.2
9.6
14
24
24
11
23
71
2
1.7
188
188
3.1
2.4
32
-0.2
0.25
-0.1
2.4
7.5
9.9
29
23
13
23
62
1.8
-0.3
189
181
3
2.8
27
1.7
0.32
0.03
5.1
13
18
22
14
12
1
92
1.6
1.8
271
258
1.2
0.3
31
1.7
0.46
0.07
4.8
15
20
24
21
15
23
67
6.3
1.8
195
251
2
2.3
28
1.7
0.59
0.18
5.1
16
21
30
9
6
23
82
1.6
1.9
68
73
1.3
1.1
32
1.6
0.31
0.08
3.6
11
15
38
21
14
23
60
2.4
1.7
217
297
1.8
0.8
32
1.6
0.24
0.04
1.6
6.4
8
46
22
12
23
61
2.1
1.7
187
198
1.6
0.8
29
1.7
0.29
0.06
2.9
11
14
26
19
11
23
72
4
1.7
189
220
2
1
25
1.6
0.19
0.06
1.3
9.2
10
27
0
6
2.6
96
1.5
1.7
151
142
2.4
2.1
31
1.6
0.27
0.07
4.8
7.1
12
20
5
4
23
68
1.3
1.7
174
191
3.3
1.9
26
-0.2
0.57
0.1
8.9
20
29
10
7
1
6
100
2.2
-0.1
180
184
2.8
1.9
28
1.6
0.43
0.18
7.2
18
25
11
26
17
23
82
2
1.8
151
151
1.8
1.5
30
1.6
0.32
0.09
3.9
11
15
24
27
12
23
74
1.6
1.7
144
156
1.7
1.7
33
1.7
0.29
0.04
3.4
8.6
12
27
30
11
23
64
2.3
1.7
190
190
4.1
3.5
33
1.6
0.24
0.05
3.3
7.4
11
26
22
17
23
62
2.7
1.7
177
177
3
2.5
33
1.6
0.4
0.08
3.7
12
16
37
22
6
23
61
4.5
1.7
189
176
2.3
1.7
32
1.6
0.35
0.05
6
14
20
21
29
18
23
60
6.7
1.7
313
320
2.5
1.3
32
1.6
0.3
0.02
2.6
12
14
35
37
7
23
64
3.7
1.7
337
275
1.9
0.4
33
1.6
0.3
0.1
4.7
11
15
31
25
11
23
54
2.6
1.7
170
184
2.2
1.9
33
1.6
0.25
0.07
3.2
8.9
12
27
9
1
23
63
2.6
1.7
179
135
1.4
1.6
34
1.7
0.31
0.02
3.1
10
13
31
18
10
23
57
4.1
1.7
191
195
2.3
2.3
33
1.6
0.27
0.08
4.2
9.5
14
34
22
7
23
58
3.9
1.7
163
175
2.7
1.6
33
1.7
0.28
0.06
3.7
9.5
13
29
22
11
23
61
2.3
1.7
185
185
2.8
1.8
34
1.6
0.15
0
2.3
5
7.3
26
20
10
23
54
0.7
1.6
204
39
1.5
0.9
33
1.6
0.23
0.05
3.3
9.2
12
31
16
16
23
57
0.1
1.7
224
347
1.7
0.6
34
1.7
0.33
0.04
3.9
12
16
36
23
8
23
58
4.8
1.7
165
57
1.7
0.6
32
1.7
0.53
0.11
4.2
17
21
30
39
18
0
63
3
1.8
113
141
1
0.3
33
1.7
0.34
0.1
3.6
10
14
32
24
4
23
57
2.8
1.8
194
245
2.2
0.8
34
1.7
0.25
0.02
3.3
9.4
13
30
28
11
23
56
1.8
1.7
204
257
1.8
1
33
1.7
0.25
-0.01
2.5
7.6
10
41
21
12
23
61
2.1
1.7
176
283
1.6
0.5
33
1.7
0.23
0
2.5
5.3
7.8
24
14
3
23
60
1.7
1.7
185
215
2.1
1.9
33
1.7
0.33
0.04
6.3
13
19
25
19
12
23
59
2.5
1.7
219
185
1.2
0.9
32
1.7
0.15
-0.01
4
6.1
10
19
17
6
23
62
1.3
1.7
15
16
2.7
1.1
33
1.7
0.34
0.01
2.4
12
15
49
37
13
23
62
3.3
1.8
215
238
1.6
1.4
31
1.8
0.64
0.13
4.4
19
23
32
41
24
23
69
3.1
1.9
162
158
1.6
0.7
29
1.7
0.18
0.06
2
6.8
8.8
11
14
2
23
72
1.9
1.7
47
45
2.8
2.1
27
1
0.19
0.05
3.6
6.6
10
11
25
5
3.2
88
1.4
1
179
177
3.3
2.6
32
1.7
0.2
0.05
2.3
5.5
7.8
34
26
6
23
67
1.5
1.8
187
192
2.8
2.7
33
1.7
0.23
0.06
3.2
8.7
12
29
14
10
23
58
2
1.7
189
199
3.6
2.8
33
1.6
0.18
0.06
2.8
7
9.8
30
14
13
23
59
2
1.7
190
192
4.4
4
33
1.1
0.19
0.06
3.6
8.2
12
28
23
2
23
56
2.3
1.1
182
177
3
2.4
34
1.7
0.2
0.07
4
8.1
12
29
23
12
23
57
1.6
1.7
193
194
3.6
2.9
33
1.6
0.22
0.06
3.3
8.7
12
28
29
12
23
57
1.9
1.7
195
198
3.4
2.8
33
1.7
0.21
0.07
3
6.8
9.8
25
34
17
23
64
1.8
1.7
185
194
3.9
2.7
32
0.9
0.19
0.01
1.8
5.9
7.7
21
25
10
23
71
1.7
0.9
190
199
2.6
2.1
31
1.6
0.19
0.12
6.8
9.2
16
17
24
10
23
67
1.7
1.7
177
160
2.2
1.8
32
1.6
0.21
0.09
4.4
8.2
13
21
25
7
23
57
3
1.7
166
167
3.4
2.4
32
1.7
0.26
0.1
4.3
11
16
32
26
10
23
60
2.9
1.8
175
174
1.6
1.5
32
1.7
0.28
0.1
3.3
12
15
36
29
15
23
64
3.9
1.8
184
181
2.4
1.6
32
1.7
0.28
0.09
5
12
17
23
38
13
23
63
3.4
1.8
177
154
2.7
1.5
32
1.7
0.18
0.05
2.6
7.3
9.9
34
26
19
23
59
2.7
1.7
164
128
2
1.7
33
1.7
0.17
0.03
1.5
5.9
7.4
32
19
23
23
53
1.4
1.7
144
201
2.2
1
33
1.7
0.36
0.08
5.6
16
22
26
40
19
23
55
4.4
1.8
248
263
1.9
1
33
1.8
0.36
0.13
4.4
19
23
36
45
37
23
59
5.6
1.9
206
252
1.4
0.9
34
1.7
0.24
0.06
3.2
9.9
13
34
29
24
23
57
1.9
1.7
218
238
2.5
1.5
34
1.7
0.2
0.07
3.2
7.4
11
27
23
16
23
52
1.1
1.7
165
178
2.6
1.6
34
1.7
0.26
0.08
3.5
11
14
39
27
7
23
51
3
1.8
147
112
1.9
1.2
33
1.7
0.25
0.08
2.6
11
14
46
30
14
23
56
1.5
1.8
0.3
15
2.2
0.6
33
1.8
0.22
-0.02
1.1
6.5
7.6
54
42
36
23
62
1.8
1.7
323
310
2.6
0.9
35
1.9
0.74
0.17
12
27
38
24
24
11
23
57
1.2
2
200
180
2.1
1.4
33
1.8
0.53
0.06
2.4
12
14
49
31
23
23
58
1.1
1.8
217
230
1.3
0.7
32
1.8
0.43
0.06
3.4
15
19
48
30
13
23
62
1.3
1.9
88
107
1.8
0.5
33
1.7
0.5
0.09
15
22
37
22
23
11
23
56
9.7
1.8
291
297
2.1
1.2
33
1.7
0.31
0.12
3.8
15
18
43
41
25
23
62
4.5
1.9
171
153
1.8
1.2
32
1.7
0.31
0.06
3.2
15
18
37
38
26
23
63
3.4
1.8
307
317
2.3
1.3
32
1.9
0.45
0.13
2.3
14
16
41
51
28
23
69
1.6
2
249
222
1.4
1.1
32
1.7
0.21
0.07
4.7
12
17
28
26
13
23
63
3.2
1.8
347
333
2.8
0.9
32
1.8
0.52
0.2
6.1
21
27
33
39
19
23
67
2.8
2
213
267
1.7
0.5
34
1.7
0.35
0.11
3.3
15
19
51
37
15
23
57
3
1.8
287
276
1.8
1.2
27
1.8
0.55
0.27
9
18
27
12
23
20
23
98
1.9
2.1
181
171
1.5
1.4
29
1.8
0.46
0.17
5.6
20
26
11
35
19
7.2
85
2.6
2
174
156
1.1
0.6
30
1.7
0.32
0.15
4
13
17
35
23
6
0.2
70
2.1
1.9
271
265
1.8
0.4
31
1.7
0.21
0.03
2.4
7.4
9.8
39
20
10
23
68
2
1.7
305
36
1.1
1
32
1.7
0.23
0.06
2.9
9
12
36
26
5
23
64
1.7
1.7
11
301
2.6
0.9
32
1.7
0.48
0.09
2.8
16
19
37
36
16
23
65
5.5
1.8
235
219
2.1
0.9
31
1.6
0.2
0.08
2.5
7.9
10
29
24
7
23
64
1.4
1.7
36
53
2.6
1.9
31
1.9
1.27
0.42
8
37
45
35
31
22
23
71
2.6
2.3
176
231
1.6
0.4
31
1.7
0.49
0.15
10
15
25
19
30
15
23
70
1.5
1.9
147
121
1.8
0.9
32
1.7
0.27
0.07
5.4
11
16
29
28
4
23
59
1.7
1.8
237
247
1.7
1.1
32
1.7
0.26
0.05
2.4
6.8
9.2
38
23
14
23
63
1.5
1.8
193
210
1.5
0.8
31
1.7
0.41
0.09
8.1
16
24
22
40
24
0.2
72
3.2
1.8
335
298
1.8
0.5
33
1.8
0.33
0.1
3.6
11
14
49
41
21
23
64
4.6
1.9
154
192
1.7
1
33
1.8
0.35
0.08
2.3
11
14
55
53
31
23
66
2.5
1.8
196
169
1.6
1.1
33
1.8
0.4
0.1
2.6
13
16
58
60
40
23
65
2.9
1.9
198
157
2
1.4
32
1.9
0.55
0.22
3.3
19
23
51
71
55
23
73
5.6
2.1
187
241
1.4
1
32
1.8
0.4
0.11
2.7
13
15
61
55
42
23
63
2.6
1.9
69
49
2
0.6
32
1.8
0.3
0.05
1.9
8
9.9
51
50
29
23
67
2.9
1.8
185
172
2.2
1.6
29
1.8
0.4
0.14
2.3
17
19
51
32
15
23
54
2
2
19
326
2.3
1.1
29
2
0.6
0.19
3.2
19
22
40
94
56
23
72
4.3
2.2
186
170
1.6
1
31
1.9
0.51
0.13
2.9
18
21
55
34
25
23
59
2.8
2
277
17
1.4
1.2
31
1.8
0.41
0.1
3
12
15
62
59
42
23
63
2.9
1.9
177
182
2.8
2.3
32
1.7
0.28
0.11
4.1
10
14
28
27
17
23
61
1.7
1.8
168
142
2
1.9
28
1.8
0.71
0.29
14
21
36
11
15
13
0.2
83
2
2.1
22
41
1.8
0.8
31
1.8
0.37
0.09
3.2
12
15
44
21
19
23
69
1.7
1.9
281
238
1.2
1
33
1.8
0.43
0.13
3.6
16
19
48
19
16
23
62
2.4
1.9
285
287
2.5
1.1
29
1.7
0.41
0.11
5
16
21
19
13
8
23
73
2.1
1.8
80
4.8
0.5
0.5
29
1.7
0.37
0.19
5.9
15
21
17
24
6
23
69
3.5
1.9
173
184
2.6
1.5
30
1.8
0.67
0.32
20
20
40
10
14
8
23
68
2.4
2.1
193
180
2
1.2
31
1.7
0.32
0.11
6.1
11
17
20
23
12
23
67
2.5
1.8
182
170
2.4
1.9
30
1.7
0.32
0.1
4.4
12
17
29
12
13
23
73
2.6
1.8
194
190
1.6
0.6
31
1.7
0.18
0.04
4.1
8.8
13
26
25
12
23
65
2.4
1.7
211
193
2.2
1.1
32
1.7
0.22
0.08
5.8
10
16
26
25
17
23
60
1.9
1.8
320
337
2.4
1.2
29
1.7
0.26
0.08
2.8
11
14
43
21
6
23
72
2
1.8
359
347
3.7
1
30
1.8
1.09
0.48
57
20
77
3
25
10
23
66
3.1
2.3
291
133
1.4
0.5
26
1.8
0.42
0.16
5.5
14
19
12
5
10
0.2
92
1.7
1.9
41
70
0.6
0.4
32
1.7
0.21
0.05
2.6
8.6
11
40
21
10
23
62
1.6
1.7
324
325
2.8
1.2
27
1.7
0.35
0.09
9.1
15
24
8.5
10
6
23
90
1.9
1.8
272
217
0.8
0.4
29
1.7
0.22
0.03
1.8
7.3
9.1
37
14
11
23
67
1.4
1.8
38
7.1
2
1.5
28
1.8
0.42
0.18
4.2
18
22
33
35
17
23
63
1.9
2
47
47
2.1
1.7
29
1.8
0.33
0.14
3.8
14
18
43
32
18
23
59
1.9
1.9
4.6
359
2.9
1.2
31
1.8
0.33
0.13
3.3
13
16
53
96
8
23
57
2.3
1.9
18
285
2
1
30
1.9
0.75
0.25
3.8
24
28
74
68
40
23
65
3.7
2.1
277
255
2.4
0.5
31
1.8
0.38
0.13
2.9
12
15
61
49
37
23
62
3.3
1.9
306
298
2.3
1.2
31
1.7
0.35
0.09
1.7
11
13
62
47
40
23
60
2.8
1.8
332
34
1.9
0.8
31
1.8
0.34
0.1
2.4
12
14
52
60
37
23
64
2.3
1.9
340
351
2.4
0.8
30
1.7
0.3
0.12
7.3
9.6
17
18
26
15
23
66
1.3
1.8
319
313
2.7
1.4
28
1.6
0.05
-0.01
1.8
1.9
3.6
13
21
3
1.6
85
1.1
1.6
306
298
5.9
1.5
27
1.7
0.3
0.07
1.9
8
9.9
32
9
5
1.2
86
1
1.8
139
146
2.3
1.7
29
1.7
0.34
0.09
3.8
11
15
35
15
14
23
79
0.8
1.8
181
215
2
1.6
32
1.7
0.41
0.13
4.1
14
18
38
37
25
23
63
4.5
1.9
23
317
2.6
1.5
30
1.7
0.36
0.12
5.6
11
17
26
33
16
23
69
2.7
1.8
185
185
1.8
1.2
31
1.7
0.38
0.11
3.9
13
17
40
31
17
23
60
2
1.9
12
46
1.8
0.3
30
1.8
0.69
0.19
3.7
19
22
52
79
44
23
68
2.7
2
236
274
1.3
0.3
31
1.7
0.57
0.19
6.5
24
30
40
50
25
23
58
2.5
1.9
256
244
1.5
1.1
30
1.8
0.58
0.17
3.3
15
19
51
89
44
23
67
3.8
2
220
193
1.2
0.5
28
1.8
0.64
0.26
6.5
19
26
29
54
36
23
85
2
2.1
176
175
2.1
1.8
28
1.9
0.81
0.28
3.8
24
28
23
85
50
0.4
78
2.7
2.2
134
139
1.4
1
27
1.7
0.33
0.14
16
8.7
25
5.9
9
5
0.2
83
1.4
1.8
175
164
1.7
1.7
26
1.8
0.32
0.05
1.9
11
13
37
8
10
23
74
2.1
1.8
356
307
2.7
0.8
27
1.8
0.22
0.08
3.1
9.2
12
33
10
5
23
72
2
1.9
34
5.9
2
1.8
28
1.7
0.24
0.09
5.1
12
17
31
9
8
23
72
1.8
1.8
0.4
303
2.5
0.9
29
1.7
0.31
0.18
6.9
15
22
25
16
12
23
70
2
1.9
344
316
2
1.1
28
1.7
0.24
0.14
4.3
11
16
33
14
10
23
68
2
1.9
33
321
2.2
0.9
29
1.7
0.32
0.13
5
13
18
34
42
20
23
67
2.4
1.8
319
342
2.1
1.4
30
1.8
0.51
0.15
4.7
20
24
52
56
25
23
64
3.6
1.9
225
219
1.6
1.1
29
1.8
0.52
0.17
6.1
22
28
35
57
29
23
67
2.5
2
96
116
1.2
0.4
31
1.8
0.74
0.31
4.4
21
26
52
68
40
23
62
3.9
2.1
206
245
1.3
0.7
31
1.8
0.64
0.19
4.1
21
26
54
61
44
23
62
3.2
2
182
133
1.3
0.9
30
1.8
0.59
0.23
4
20
24
50
106
56
23
67
5.8
2
292
296
2.5
1.6
30
1.9
1.02
0.32
5.4
32
37
48
116
63
23
68
6.4
2.2
179
177
1.8
1.4
30
1.9
1.02
0.41
8.2
35
44
25
66
27
23
67
3.4
2.3
72
140
1.3
0.6
31
1.7
0.27
0.09
4.3
9
13
28
30
6
23
65
2.4
1.8
189
186
3.6
2.6
31
1.7
0.27
0.04
3.1
7.3
10
30
30
21
23
68
2.6
1.7
190
219
2
1.6
31
1.9
0.82
0.26
5.8
26
32
44
53
31
23
64
2.9
2.2
208
103
1.4
0.2
30
1.8
0.49
0.14
5.1
18
23
37
65
34
23
69
3.9
2
196
178
1.7
1
30
1.8
0.62
0.2
5.6
23
29
37
71
45
23
68
7.4
2
244
222
1.6
0.2
30
1.8
0.62
0.21
5.6
22
27
42
81
60
23
69
5.6
2
195
133
1.4
0.7
30
1.8
0.89
0.3
11
38
50
35
74
43
23
60
2.9
2.1
232
220
1.6
0.9
29
1.7
0.37
0.08
4.9
13
18
32
27
23
23
68
1.8
1.8
334
309
3.2
1.1
26
1.7
0.27
0.05
2.7
9.4
12
36
5
4
23
60
1.8
1.8
18
30
2.3
0.8
28
1.8
0.51
0.16
12
22
34
24
25
13
23
62
3.5
1.9
298
299
1.8
0.7
26
1.7
0.28
0.09
4
12
16
36
36
17
23
63
1.9
1.8
24
342
3.5
1.2
24
1.7
0.23
0.08
5.6
13
19
35
29
1
23
58
2.3
1.8
29
20
3.4
1.6
23
1.7
0.31
0.15
5.8
19
25
28
19
8
23
62
3.3
1.9
50
41
2
1.1
26
1.8
0.58
0.24
7.4
26
34
39
46
31
23
61
3.2
2.1
185
145
1.2
0.6
26
1.9
0.63
0.23
4.4
20
24
51
84
46
23
60
2.5
2.1
7.9
32
1.6
0.5
27
1.9
0.69
0.22
7.1
28
36
41
39
34
23
61
2.5
2.2
107
144
1.1
0.2
28
1.8
0.47
0.16
5.9
17
23
41
61
38
23
60
3.7
1.9
166
176
1.7
1.5
28
1.8
0.69
0.25
15
33
48
27
59
31
23
54
4.9
2
338
333
2
0.8
22
1.7
0.28
0.1
5.6
16
21
29
33
7
23
62
3
1.9
37
54
3.8
1.1
21
1.8
0.38
0.19
7.9
22
30
14
11
17
23
85
1.7
2
12
357
2.1
1
21
1.8
0.47
0.22
13
23
36
10
21
12
23
79
3.3
2
346
327
1.8
0.8
27
1.9
0.71
0.3
6.9
26
33
39
87
50
23
67
3.6
2.2
263
316
1.4
0.8
27
1.8
0.49
0.15
8.7
18
26
28
46
20
23
62
3.5
2
130
192
1.4
0.2
27
1.9
0.72
0.19
7.7
25
33
29
102
65
23
69
5.6
2
45
51
1.5
0.5
27
1.8
0.63
0.25
12
24
36
25
51
24
23
61
2.9
2
341
296
1.4
0.6
26
1.9
0.81
0.29
18
31
50
15
42
23
23
67
3.4
2.2
283
267
1.5
0.9
26
1.9
0.89
0.33
15
38
53
27
69
44
23
67
5.1
2.2
337
298
1.6
0.8
26
1.9
0.98
0.42
12
36
48
23
78
57
23
74
4
2.4
176
135
1
0.5
28
2
1.02
0.4
13
44
57
36
66
47
23
62
2.9
2.4
306
32
1.2
0.4
29
1.7
0.28
0.06
4.8
11
16
32
41
28
23
57
1.6
1.8
30
305
2.3
1
23
1.7
0.21
0.08
2.5
12
14
28
8
5
2
73
0.5
1.8
335
337
2.6
0.9
24
1.8
0.66
0.35
34
23
57
4.5
11
7
0.2
81
3.9
2.1
16
325
1.6
0.9
21
1.8
0.46
0.18
6.5
25
31
14
0
5
4
95
1.8
2
352
28
1.8
0.8
22
1.7
0.26
0.09
6.1
11
17
24
5
2
23
68
2.1
1.8
29
13
2.8
1.5
22
1.8
0.39
0.18
10
20
30
19
18
2
23
74
2.7
1.9
33
75
1.7
0.9
26
1.8
0.48
0.12
7.2
18
25
30
46
38
23
69
3.3
1.9
213
211
1.6
0.9
20
1.7
0.16
0.03
1.9
11
13
34
2
6
1.6
79
1.3
1.7
60
77
1.7
1.5
20
1.8
0.4
0.14
4.6
17
22
30
41
25
23
65
2.1
1.9
45
46
3
1.6
22
2.1
1.42
0.54
33
45
78
10
60
42
23
71
4
2.6
300
303
1.3
0.8
23
1.7
0.52
0.21
7.4
23
31
20
22
27
23
77
4.6
1.9
73
32
1.4
0.9
23
1.7
0.33
0.11
5.5
12
17
29
30
20
23
72
2
1.8
26
332
3.9
0.9
22
1.7
0.36
0.16
8
18
26
26
24
3
23
68
2.8
1.9
334
70
1.5
0.8
23
1.7
0.29
0.08
4.6
12
17
29
10
6
23
71
2
1.8
337
34
2.2
1.2
25
1.8
0.39
0.11
7.1
16
23
27
23
31
23
72
2.8
1.9
343
344
2.5
1
25
1.8
0.88
0.3
23
30
53
16
38
25
23
71
2.9
2.1
11
309
1.2
0.6
21
1.8
0.5
0.16
3.3
20
23
31
52
35
23
57
4
1.9
46
46
3.4
1.7
21
1.8
0.54
0.22
10
27
37
14
41
35
23
69
3.1
2
335
318
1.8
0.8
21
1.8
0.29
0.14
7
16
23
28
28
11
23
68
2.7
1.9
355
322
1.7
0.7
23
1.7
0.25
0.1
5.9
14
20
28
29
13
23
70
2.7
1.8
332
32
1.9
1
23
2.1
1.24
0.6
26
48
74
19
32
29
23
68
2.7
2.7
226
60
0.9
0.6
22
1.7
0.31
0.08
6.5
13
20
24
15
16
23
66
3.3
1.8
41
38
1.8
1.2
23
1.8
0.6
0.16
11
24
35
26
79
49
23
75
3.9
1.9
299
299
2.4
1.6
23
1.8
0.78
0.29
31
33
64
13
32
14
23
52
6
2.1
35
304
0.8
0.7
21
1.8
0.32
0.12
5
13
18
29
30
23
23
63
2
1.9
324
22
2.1
1.1
17
1.8
0.41
0.15
4.6
18
23
21
35
18
23
66
2.2
1.9
44
38
2.3
1.3
16
1.8
0.35
0.09
3.5
14
17
30
51
25
23
54
3.2
1.8
47
47
3.9
3
19
2
1
0.39
45
37
82
8.1
50
24
23
62
3.1
2.4
58
60
0.8
0.5
20
2.3
1.52
0.66
43
63
106
13
48
48
23
64
2.6
3
262
150
1.1
0.7
21
1.8
0.63
0.23
16
28
45
19
49
27
23
67
3.8
2
51
5.6
1.7
0.7
24
1.9
0.97
0.43
19
44
63
18
83
50
23
66
5
2.3
45
244
1.4
0.2
25
1.9
1.14
0.42
19
39
58
18
61
41
23
65
4.6
2.3
239
212
1.4
1.1
24
1.7
0.3
0.15
8.6
15
24
14
23
22
23
76
2.1
1.8
19
38
2.1
0.8
21
1.8
0.57
0.17
7.7
18
26
23
45
31
23
57
3
2
41
52
2.1
0.9
22
2
0.9
0.3
25
39
64
12
67
46
23
60
3.9
2.3
52
67
0.9
0.4
23
1.9
0.85
0.26
10
32
42
20
107
73
23
66
6.9
2.2
13
357
1.1
0.4
21
1.8
0.64
0.18
9.1
23
32
12
50
50
23
76
2.9
2
137
80
1
0.4
19
1.8
0.5
0.15
10
13
23
15
33
7
23
69
1.6
1.9
33
66
3.5
1.1
14
1.7
0.31
0.14
3.4
23
26
21
15
4
0.2
77
2.5
1.9
55
59
2.8
1.8
17
1.7
0.25
0.1
5.4
13
19
29
26
11
23
70
2.2
1.8
50
61
3
1.3
19
1.7
0.57
0.21
20
24
44
14
23
14
23
63
4.3
2
346
350
1.3
0.5
20
1.8
0.69
0.25
18
30
48
19
54
29
23
70
3.9
2
340
9.3
1.8
0.7
